CENTRALWAVELNG	BANDWIDTH	PL_TRANDEP	PL_TRANDEPERR1	PL_TRANDEPERR2
2.76293	0.00688	2.22557	0.03065	-0.03065
2.76971	0.00688	2.19693	0.02686	-0.02686
2.7765	0.00688	2.24913	0.02396	-0.02396
2.78335	0.00688	2.24374	0.02535	-0.02535
2.79048	0.00688	2.22215	0.02021	-0.02021
2.7976	0.00688	2.24318	0.02025	-0.02025
2.80439	0.00688	2.22744	0.02016	-0.02016
2.81118	0.00688	2.19231	0.0183	-0.0183
2.81797	0.00688	2.21702	0.01681	-0.01681
2.82475	0.00688	2.23108	0.01783	-0.01783
2.83154	0.00688	2.22133	0.01596	-0.01596
2.83832	0.00688	2.24683	0.01628	-0.01628
2.84551	0.00688	2.21459	0.01776	-0.01776
2.85263	0.00688	2.21598	0.01507	-0.01507
2.85942	0.00688	2.20345	0.0151	-0.0151
2.8645	0.00344	2.21985	0.01955	-0.01955
2.86959	0.00678	2.22223	0.016	-0.016
2.87638	0.00678	2.19884	0.01389	-0.01389
2.88316	0.00678	2.20793	0.0188	-0.0188
2.88994	0.00678	2.2122	0.01386	-0.01386
2.89673	0.00678	2.21237	0.01471	-0.01471
2.90351	0.00678	2.22264	0.0154	-0.0154
2.91035	0.00678	2.23327	0.01583	-0.01583
2.91713	0.00678	2.16849	0.0154	-0.0154
2.92392	0.00678	2.18095	0.01419	-0.01419
2.9307	0.00678	2.18182	0.01583	-0.01583
2.93748	0.00678	2.18678	0.01637	-0.01637
2.94426	0.00678	2.18216	0.01362	-0.01362
2.95104	0.00678	2.19387	0.01848	-0.01848
2.95782	0.00678	2.1989	0.01411	-0.01411
2.9646	0.00678	2.18939	0.0146	-0.0146
2.97138	0.00678	2.19016	0.01306	-0.01306
2.97822	0.00678	2.17106	0.01218	-0.01218
2.985	0.00678	2.14396	0.01562	-0.01562
2.99177	0.00678	2.16959	0.01417	-0.01417
2.99855	0.00678	2.17216	0.01374	-0.01374
3.00533	0.00678	2.19394	0.01331	-0.01331
3.01211	0.00678	2.17923	0.0141	-0.0141
3.01888	0.00678	2.17253	0.01647	-0.01647
3.02566	0.00678	2.16132	0.01337	-0.01337
3.03244	0.00678	2.1568	0.01303	-0.01303
3.03921	0.00678	2.16373	0.01317	-0.01317
3.04599	0.00678	2.17304	0.01345	-0.01345
3.05282	0.00678	2.19578	0.01448	-0.01448
3.0596	0.00677	2.15215	0.01274	-0.01274
3.06637	0.00677	2.1707	0.01367	-0.01367
3.07314	0.00677	2.1498	0.03228	-0.03228
3.07992	0.00677	2.1772	0.01297	-0.01297
3.08669	0.00677	2.17085	0.01303	-0.01303
3.09346	0.00677	2.17343	0.01278	-0.01278
3.10024	0.00677	2.13142	0.01316	-0.01316
3.10701	0.00677	2.14709	0.01284	-0.01284
3.11378	0.00677	2.15387	0.01325	-0.01325
3.12055	0.00677	2.17238	0.01361	-0.01361
3.12732	0.00677	2.13593	0.01254	-0.01254
3.13409	0.00677	2.14749	0.01347	-0.01347
3.14092	0.00677	2.14691	0.01336	-0.01336
3.14769	0.00677	2.12767	0.01316	-0.01316
3.15446	0.00677	2.16247	0.01337	-0.01337
3.16123	0.00677	2.16806	0.01353	-0.01353
3.16799	0.00677	2.15102	0.01241	-0.01241
3.17476	0.00677	2.19102	0.0154	-0.0154
3.18153	0.00677	2.12771	0.01436	-0.01436
3.1883	0.00677	2.12687	0.01325	-0.01325
3.19506	0.00677	2.13229	0.01297	-0.01297
3.20183	0.00677	2.16396	0.01257	-0.01257
3.20859	0.00677	2.13565	0.01412	-0.01412
3.21536	0.00676	2.1636	0.01331	-0.01331
3.22212	0.00676	2.13505	0.013	-0.013
3.22889	0.00676	2.13566	0.01462	-0.01462
3.23531	0.00676	2.13327	0.01311	-0.01311
3.2418	0.00676	2.15516	0.01337	-0.01337
3.24856	0.00676	2.15035	0.01394	-0.01394
3.25532	0.00676	2.12898	0.01249	-0.01249
3.26208	0.00676	2.14399	0.01238	-0.01238
3.26885	0.00676	2.14868	0.01286	-0.01286
3.27561	0.00676	2.12428	0.01337	-0.01337
3.28237	0.00676	2.15626	0.01375	-0.01375
3.28913	0.00676	2.16869	0.01415	-0.01415
3.29622	0.00676	2.14572	0.01307	-0.01307
3.30332	0.00676	2.12232	0.01366	-0.01366
3.31008	0.00676	2.12127	0.01297	-0.01297
3.31684	0.00676	2.17664	0.02043	-0.02043
3.3236	0.00676	2.1345	0.01387	-0.01387
3.33035	0.00676	2.12994	0.01393	-0.01393
3.33711	0.00676	2.1378	0.01317	-0.01317
3.34387	0.00676	2.14389	0.02682	-0.02682
3.35062	0.00676	2.14822	0.01332	-0.01332
3.35738	0.00676	2.12916	0.01384	-0.01384
3.36379	0.00675	2.14193	0.01547	-0.01547
3.37027	0.00675	2.15187	0.01398	-0.01398
3.37702	0.00675	2.11969	0.0182	-0.0182
3.38378	0.00675	2.13157	0.01522	-0.01522
3.39053	0.00675	2.12639	0.01241	-0.01241
3.39728	0.00675	2.16618	0.01384	-0.01384
3.40403	0.00675	2.14159	0.01411	-0.01411
3.41078	0.00675	2.13684	0.01361	-0.01361
3.41754	0.00675	2.14959	0.01367	-0.01367
3.42429	0.00675	2.15062	0.01343	-0.01343
3.43104	0.00675	2.14476	0.01472	-0.01472
3.43778	0.00675	2.13767	0.01333	-0.01333
3.44453	0.00675	2.13238	0.01409	-0.01409
3.45128	0.00675	2.1121	0.01424	-0.01424
3.45803	0.00675	2.16036	0.01326	-0.01326
3.46478	0.00675	2.12579	0.01352	-0.01352
3.47152	0.00675	2.16356	0.01331	-0.01331
3.47827	0.00675	2.13606	0.01478	-0.01478
3.48501	0.00675	2.13535	0.01352	-0.01352
3.49176	0.00675	2.13532	0.01449	-0.01449
3.4985	0.00675	2.14865	0.01463	-0.01463
3.50525	0.00675	2.13291	0.01578	-0.01578
3.51199	0.00674	2.15294	0.01526	-0.01526
3.51873	0.00674	2.12332	0.01427	-0.01427
3.52548	0.00674	2.16842	0.01407	-0.01407
3.53222	0.00674	2.14323	0.01387	-0.01387
3.53896	0.00674	2.13527	0.01391	-0.01391
3.5457	0.00674	2.15828	0.01376	-0.01376
3.55244	0.00674	2.12563	0.01291	-0.01291
3.55918	0.00674	2.12536	0.02143	-0.02143
3.56598	0.00674	2.14238	0.01698	-0.01698
3.57272	0.00674	2.14895	0.01424	-0.01424
3.57946	0.00674	2.14217	0.01432	-0.01432
3.58619	0.00674	2.13842	0.02738	-0.02738
3.59293	0.00674	2.13699	0.01402	-0.01402
3.59967	0.00674	2.17587	0.01458	-0.01458
3.6064	0.00674	2.10773	0.0151	-0.0151
3.61314	0.00674	2.1466	0.0149	-0.0149
3.61987	0.00673	2.15064	0.01628	-0.01628
3.62661	0.00673	2.11696	0.01353	-0.01353
3.63334	0.00673	2.11238	0.01472	-0.01472
3.64007	0.00673	2.1049	0.01417	-0.01417
3.6468	0.00673	2.09788	0.01406	-0.01406
3.65354	0.00673	2.10659	0.01661	-0.01661
3.66027	0.00673	2.11467	0.01548	-0.01548
3.667	0.00673	2.11417	0.01424	-0.01424
3.67373	0.00673	2.11238	0.01438	-0.01438
3.68046	0.00673	2.11295	0.01512	-0.01512
3.68719	0.00673	2.12388	0.01419	-0.01419
3.69391	0.00673	2.12122	0.01471	-0.01471
3.70064	0.00673	2.09748	0.01403	-0.01403
3.70737	0.00673	2.11701	0.01528	-0.01528
3.71342	0.00521	2.1117	0.01616	-0.01616
3.8332	0.00672	2.104	0.01562	-0.01562
3.83992	0.00671	2.12212	0.01618	-0.01618
3.84663	0.00671	2.12071	0.0151	-0.0151
3.85335	0.00671	2.10844	0.01603	-0.01603
3.86006	0.00671	2.10045	0.01613	-0.01613
3.86677	0.00671	2.09747	0.0162	-0.0162
3.87348	0.00671	2.09531	0.02655	-0.02655
3.8802	0.00671	2.13116	0.02578	-0.02578
3.88691	0.00671	2.11016	0.01725	-0.01725
3.89362	0.00671	2.11219	0.01563	-0.01563
3.90033	0.00671	2.09286	0.01456	-0.01456
3.90704	0.00671	2.11613	0.01638	-0.01638
3.91374	0.00671	2.12032	0.01604	-0.01604
3.92045	0.00671	2.08118	0.01588	-0.01588
3.9271	0.00671	2.08997	0.0162	-0.0162
3.9338	0.00671	2.09407	0.01541	-0.01541
3.94051	0.00671	2.11238	0.01635	-0.01635
3.94721	0.00671	2.13009	0.01725	-0.01725
3.95392	0.0067	2.10984	0.01681	-0.01681
3.96062	0.0067	2.11983	0.01779	-0.01779
3.96732	0.0067	2.14534	0.01793	-0.01793
3.97402	0.0067	2.11778	0.01696	-0.01696
3.98073	0.0067	2.10635	0.017	-0.017
3.98743	0.0067	2.13256	0.01703	-0.01703
3.99413	0.0067	2.13263	0.01679	-0.01679
4.00083	0.0067	2.14248	0.0178	-0.0178
4.00753	0.0067	2.13237	0.01765	-0.01765
4.01422	0.0067	2.1588	0.01772	-0.01772
4.02092	0.0067	2.11613	0.01705	-0.01705
4.02762	0.0067	2.14475	0.01674	-0.01674
4.03432	0.0067	2.13463	0.01721	-0.01721
4.04101	0.0067	2.13391	0.01739	-0.01739
4.04771	0.00669	2.13145	0.01773	-0.01773
4.0544	0.00669	2.15738	0.01811	-0.01811
4.06109	0.00669	2.12985	0.02038	-0.02038
4.06779	0.00669	2.11166	0.01698	-0.01698
4.07448	0.00669	2.12688	0.01758	-0.01758
4.08117	0.00669	2.16304	0.01821	-0.01821
4.08786	0.00669	2.15436	0.01832	-0.01832
4.09455	0.00669	2.14981	0.017	-0.017
4.10124	0.00669	2.16167	0.01713	-0.01713
4.10793	0.00669	2.13461	0.01747	-0.01747
4.11462	0.00669	2.1403	0.01822	-0.01822
4.12131	0.00669	2.13874	0.01963	-0.01963
4.12799	0.00669	2.09345	0.01819	-0.01819
4.13468	0.00669	2.1299	0.0186	-0.0186
4.14136	0.00668	2.12992	0.0178	-0.0178
4.14805	0.00668	2.13508	0.01932	-0.01932
4.15467	0.00668	2.12487	0.01869	-0.01869
4.16135	0.00668	2.1033	0.01867	-0.01867
4.16804	0.00668	2.11595	0.01848	-0.01848
4.17472	0.00668	2.12425	0.01944	-0.01944
4.1814	0.00668	2.12125	0.01816	-0.01816
4.18808	0.00668	2.12468	0.01892	-0.01892
4.19476	0.00668	2.12037	0.01931	-0.01931
4.20144	0.00668	2.14852	0.03458	-0.03458
4.20812	0.00668	2.15715	0.01923	-0.01923
4.21479	0.00668	2.1704	0.0192	-0.0192
4.22147	0.00668	2.15881	0.01773	-0.01773
4.22815	0.00668	2.17228	0.01784	-0.01784
4.23482	0.00667	2.21706	0.01924	-0.01924
4.2415	0.00667	2.21868	0.02046	-0.02046
4.24817	0.00667	2.20502	0.01911	-0.01911
4.25484	0.00667	2.19565	0.01907	-0.01907
4.26152	0.00667	2.24099	0.02049	-0.02049
4.26819	0.00667	2.28638	0.01914	-0.01914
4.27519	0.00667	2.24156	0.01942	-0.01942
4.28213	0.00667	2.23289	0.02029	-0.02029
4.2888	0.00667	2.24043	0.01972	-0.01972
4.29547	0.00667	2.27125	0.02084	-0.02084
4.30214	0.00667	2.23206	0.02001	-0.02001
4.3088	0.00667	2.24838	0.02315	-0.02315
4.31547	0.00667	2.25139	0.02169	-0.02169
4.32213	0.00667	2.25836	0.0238	-0.0238
4.3288	0.00666	2.28101	0.02296	-0.02296
4.33546	0.00666	2.28086	0.02046	-0.02046
4.34213	0.00666	2.25941	0.02203	-0.02203
4.34879	0.00666	2.26173	0.02251	-0.02251
4.35545	0.00666	2.2668	0.02197	-0.02197
4.36211	0.00666	2.26192	0.02291	-0.02291
4.36877	0.00666	2.27348	0.03437	-0.03437
4.37543	0.00666	2.23411	0.02144	-0.02144
4.38203	0.00666	2.25939	0.0224	-0.0224
4.38868	0.00666	2.23437	0.02158	-0.02158
4.39534	0.00666	2.23742	0.02361	-0.02361
4.402	0.00666	2.25345	0.02222	-0.02222
4.40865	0.00666	2.22379	0.0203	-0.0203
4.41531	0.00665	2.25957	0.02408	-0.02408
4.42196	0.00665	2.2566	0.02199	-0.02199
4.42861	0.00665	2.24781	0.02141	-0.02141
4.43527	0.00665	2.2462	0.02186	-0.02186
4.44192	0.00665	2.2466	0.02346	-0.02346
4.44857	0.00665	2.22329	0.02386	-0.02386
4.45522	0.00665	2.18791	0.02378	-0.02378
4.46183	0.00665	2.22628	0.02869	-0.02869
4.46845	0.00665	2.2194	0.0213	-0.0213
4.4751	0.00665	2.23244	0.02397	-0.02397
4.48175	0.00665	2.22621	0.02429	-0.02429
4.48839	0.00665	2.18286	0.02263	-0.02263
4.49504	0.00665	2.17887	0.02613	-0.02613
4.50168	0.00664	2.18478	0.02342	-0.02342
4.50832	0.00664	2.18333	0.02537	-0.02537
4.51497	0.00664	2.19783	0.02603	-0.02603
4.52161	0.00664	2.14813	0.02533	-0.02533
4.52825	0.00664	2.17128	0.02353	-0.02353
4.53489	0.00664	2.15714	0.02437	-0.02437
4.54146	0.00664	2.15747	0.02384	-0.02384
4.5481	0.00664	2.18411	0.0255	-0.0255
4.55474	0.00664	2.20496	0.02561	-0.02561
4.56137	0.00664	2.19131	0.0254	-0.0254
4.56801	0.00664	2.21067	0.02483	-0.02483
4.57465	0.00663	2.20058	0.02597	-0.02597
4.58128	0.00663	2.15478	0.02355	-0.02355
4.58791	0.00663	2.17241	0.02458	-0.02458
4.59455	0.00663	2.13747	0.02428	-0.02428
4.60118	0.00663	2.12244	0.02483	-0.02483
4.60774	0.00663	2.13635	0.02432	-0.02432
4.61437	0.00663	2.12774	0.02484	-0.02484
4.621	0.00663	2.1302	0.02696	-0.02696
4.62763	0.00663	2.17618	0.02423	-0.02423
4.63426	0.00663	2.15535	0.02567	-0.02567
4.64088	0.00663	2.14123	0.02663	-0.02663
4.64751	0.00662	2.19373	0.02617	-0.02617
4.65413	0.00662	2.15604	0.02714	-0.02714
4.66075	0.00662	2.12766	0.0278	-0.0278
4.66738	0.00662	2.15316	0.02524	-0.02524
4.67394	0.00662	2.21092	0.02721	-0.02721
4.68056	0.00662	2.10166	0.02543	-0.02543
4.68718	0.00662	2.14415	0.02609	-0.02609
4.69379	0.00662	2.14028	0.02658	-0.02658
4.70041	0.00662	2.16335	0.02763	-0.02763
4.70703	0.00662	2.17784	0.0265	-0.0265
4.71365	0.00662	2.16308	0.02463	-0.02463
4.72026	0.00662	2.16238	0.02645	-0.02645
4.72684	0.00661	2.16168	0.02658	-0.02658
4.73342	0.00661	2.11775	0.02851	-0.02851
4.74004	0.00661	2.14726	0.02707	-0.02707
4.74665	0.00661	2.15391	0.02886	-0.02886
4.75326	0.00661	2.1172	0.02724	-0.02724
4.75987	0.00661	2.12992	0.02728	-0.02728
4.76648	0.00661	2.10959	0.02997	-0.02997
4.77309	0.00661	2.1497	0.02974	-0.02974
4.77969	0.00661	2.16065	0.02774	-0.02774
4.78623	0.00661	2.1236	0.02796	-0.02796
4.79284	0.00661	2.16075	0.02645	-0.02645
4.79944	0.0066	2.14028	0.02826	-0.02826
4.80605	0.0066	2.15937	0.02853	-0.02853
4.81265	0.00659	2.17259	0.02845	-0.02845
4.81925	0.00658	2.181	0.03139	-0.03139
4.82585	0.00659	2.14995	0.02781	-0.02781
4.83245	0.0066	2.16757	0.02906	-0.02906
4.83898	0.0066	2.15053	0.02959	-0.02959
4.84558	0.0066	2.16131	0.02869	-0.02869
4.85218	0.0066	2.13715	0.02998	-0.02998
4.85877	0.00659	2.18572	0.0311	-0.0311
4.86537	0.00658	2.1546	0.02932	-0.02932
4.87196	0.00658	2.11942	0.02965	-0.02965
4.87855	0.00659	2.13547	0.03857	-0.03857
4.88508	0.00659	2.18595	0.03175	-0.03175
4.89167	0.00659	2.13051	0.03029	-0.03029
4.89826	0.00659	2.15721	0.02981	-0.02981
4.90485	0.00659	2.14755	0.02844	-0.02844
4.91143	0.00658	2.1486	0.02884	-0.02884
4.91802	0.00657	2.16437	0.03097	-0.03097
4.9246	0.00658	2.18546	0.02996	-0.02996
4.93112	0.00658	2.17401	0.03056	-0.03056
4.93771	0.00658	2.12768	0.03346	-0.03346
4.94429	0.00658	2.12031	0.03258	-0.03258
4.95087	0.00658	2.14393	0.02874	-0.02874
4.95745	0.00657	2.17316	0.03008	-0.03008
4.96403	0.00656	2.17372	0.03018	-0.03018
4.97061	0.00657	2.17863	0.03143	-0.03143
4.97745	0.00658	2.17097	0.03146	-0.03146
4.98435	0.00658	2.1226	0.02888	-0.02888
4.99093	0.00658	2.12664	0.03339	-0.03339
4.9975	0.00657	2.09463	0.03355	-0.03355
5.00407	0.00656	2.13677	0.03114	-0.03114
5.01031	0.00656	2.10977	0.03112	-0.03112
5.01688	0.00657	2.17386	0.03223	-0.03223
5.02372	0.00657	2.18308	0.03257	-0.03257
5.03029	0.00657	2.15004	0.03283	-0.03283
5.03685	0.00657	2.11891	0.0329	-0.0329
5.04342	0.00655	2.10663	0.03244	-0.03244
5.04998	0.00655	2.10085	0.04022	-0.04022
5.05655	0.00656	2.13619	0.03131	-0.03131
5.06304	0.00656	2.16811	0.03184	-0.03184
5.06961	0.00656	2.11347	0.03156	-0.03156
5.07617	0.00656	2.15737	0.03011	-0.03011
5.08207	0.00558	2.14591	0.03535	-0.03535
5.08797	0.00675	2.07711	0.03451	-0.03451
5.09486	0.00675	2.11042	0.03422	-0.03422
5.10168	0.00675	2.09816	0.02969	-0.02969
5.10823	0.00675	2.12272	0.03059	-0.03059
5.11511	0.00675	2.10243	0.02887	-0.02887
5.12199	0.00675	2.13764	0.03188	-0.03188
5.12854	0.00675	2.10065	0.05724	-0.05724
5.13542	0.00675	2.16063	0.03336	-0.03336
5.14223	0.00675	2.17967	0.03321	-0.03321
5.14878	0.00675	2.12275	0.03419	-0.03419
5.15565	0.00675	2.07862	0.03369	-0.03369
5.16252	0.00675	2.0907	0.03528	-0.03528
5.16907	0.00675	2.1058	0.0436	-0.0436
