Wavelength (microns)	(Rp/Rs)^2	Rp/Rs
12.589254117941673	0.019584018923066236	0.13994291308625184
12.545804003458032	0.019591290049662237	0.13996888957787096
12.50250385119064	0.019582492349074918	0.13993745870593377
12.45935314356514	0.019572140530496104	0.1399004665127894
12.416351364793472	0.019573906120830004	0.1399067765364852
12.373498000867762	0.019570085992168192	0.13989312346276422
12.330792539554162	0.01956168439007737	0.1398630915934485
12.288234470386723	0.019573350043931362	0.13990478921013164
12.245823284661332	0.01955161364479393	0.13982708480403191
12.20355847542957	0.01953863241152421	0.1397806582168084
12.161439537492686	0.019545250390226563	0.13980432893950948
12.11946596739556	0.019544254515526112	0.13980076722080645
12.077637263420666	0.01956089211420798	0.13986025923831252
12.035952925582123	0.019550865622977955	0.13982440996828113
11.994412455619651	0.01953632621008123	0.13977240861515275
11.953015356992658	0.019533005190450144	0.13976052801291983
11.911761134874297	0.019523065706166312	0.13972496450586885
11.870649296145531	0.019525262460403835	0.1397328252788293
11.829679349389304	0.019511730672558514	0.1396843966681981
11.788850804884573	0.019515874683566088	0.13969922935924195
11.748163174600519	0.019505732236106965	0.1396629236272353
11.70761597219068	0.019523864514492936	0.13972782297915093
11.667208712987195	0.019522260246241777	0.13972208217115065
11.626940913994929	0.01950815393313408	0.1396715931502683
11.586812093885749	0.019508234538685852	0.13967188170381986
11.546821772992766	0.019510982498110032	0.139681718553682
11.506969473304583	0.019484995281029018	0.13958866458645205
11.46725471845963	0.01948911264955063	0.13960341202689364
11.4276770337404	0.019486392731963342	0.139593670099913
11.388235946067821	0.019491345763152906	0.13961140986020057
11.348930983995588	0.01950476783107127	0.1396594709680345
11.309761677704524	0.019495184778955597	0.13962515811613463
11.270727558996995	0.01948105922367314	0.13957456510293392
11.231828161291261	0.019501901324689132	0.13964920810620135
11.193063019615932	0.019481250175215993	0.1395752491497543
11.154431670604412	0.019477511211198416	0.13956185442734134
11.11593365248933	0.019485764852656556	0.13959142112843667
11.077568505097087	0.01948754758190674	0.1395978065082211
11.039335769842271	0.01947057577126352	0.13953700502470132
11.00123498972223	0.019478857139904885	0.13956667632320002
10.963265709311592	0.01946865233568218	0.13953011264842502
10.92542747475682	0.019483358520923515	0.13958280166597717
10.887719833770815	0.019465380684988914	0.13951838833999236
10.850142335627462	0.019464677847225557	0.13951586951750528
10.812694531156268	0.01945826183349225	0.13949287377315103
10.775375972737002	0.019473214226254826	0.1395464590244225
10.738186214294315	0.019471213362040957	0.13953928967155077
10.701124811292463	0.01944457114876085	0.13944379207681085
10.664191320729923	0.019434323223299323	0.1394070415126127
10.627385301134145	0.019454513893998035	0.13947943896502465
10.59070631255626	0.019441894157254173	0.13943419292718043
10.554153916565816	0.019456295147949894	0.13948582418278171
10.517727676245572	0.01944773718918678	0.1394551440040373
10.481427156186218	0.019448034242512444	0.13945620904969575
10.445251922481212	0.0194299439768613	0.13939133393744857
10.409201542721581	0.019454520811049585	0.1394794637609766
10.373275585990742	0.01943819944053424	0.1394209433354051
10.337473622859397	0.019439482375623398	0.1394255442005639
10.301795225380333	0.019445869898317845	0.13944844889176017
10.266239967083346	0.019437810324420414	0.13941954785617552
10.230807422970141	0.019446053605171605	0.13944910758112297
10.195497169509233	0.019442559081888626	0.13943657727400163
10.160308784630935	0.01943446470298172	0.1394075489454632
10.125241847722242	0.019451970579517034	0.13947032150073016
10.090295939621846	0.019452596332342864	0.13947256480162276
10.055470642615125	0.019462505950138473	0.13950808560846384
10.020765540429128	0.019492867480972967	0.13961685958713213
9.986180218227645	0.019472661187928855	0.13954447745406787
9.951714262606183	0.019496146115518087	0.13962860063582277
9.91736726158707	0.019486209321159666	0.13959301315309325
9.883138804614534	0.01947494488512847	0.13955265989986887
9.849028482549759	0.019487056207176705	0.13959604653132804
9.815035887666035	0.01947481003621922	0.13955217675199202
9.781160613643852	0.019477567851240545	0.1395620573481222
9.747402255566062	0.01949039309710443	0.1396079979696881
9.71376040991304	0.01950306209765392	0.1396533640756782
9.680234674557841	0.019494980623613527	0.13962442703056485
9.646824648761422	0.019502512718887033	0.1396513971247228
9.613529933167834	0.01948756877884496	0.13959788242965923
9.580350129799433	0.019510247915402835	0.13967908904128362
9.54728484205217	0.019491361109379348	0.1396114648206921
9.514333674690796	0.01950224707357643	0.13965044601996957
9.481496233844181	0.01951041182673171	0.13967967578259805
9.44877212700058	0.019505982300791275	0.13966381886799198
9.416160963002946	0.0195068296108359	0.13966685222641734
9.38366235204427	0.019510124896525073	0.13967864867804625
9.351275905662897	0.01951815779180498	0.13970740063362777
9.3190012367379	0.019522657766404886	0.13972350470269806
9.286837959484453	0.019525654268527422	0.13973422726206855
9.254785689449198	0.019523198436614892	0.13972543947547594
9.22284404350569	0.01954620496243683	0.13980774285581193
9.191012639849768	0.01951518474560087	0.139696759968157
9.159291097995043	0.01952309261327246	0.13972506079180091
9.1276790387683	0.019522830470302878	0.1397241227215361
9.096176084304995	0.01951604971423065	0.13969985581320638
9.064781858044746	0.01949831155179993	0.13963635469246513
9.0334959847268	0.019495656172898963	0.13962684617543633
9.002318090385584	0.01944127372799515	0.13943196809912406
8.971247802346202	0.019430740680770296	0.1393941917038522
8.940284749219995	0.019407542635764122	0.13931095662496945
8.909428560900121	0.019380704043483705	0.13921459709198494
8.878678868557085	0.019364584746632968	0.13915669134695954
8.848035304634381	0.019360174166423532	0.13914084291258097
8.817497502844057	0.019381395094681644	0.13921707903372216
8.787065098162369	0.019370859479986045	0.1391792350890967
8.756737726825392	0.01938880794264883	0.1392436998310833
8.726515026324684	0.019373174537802875	0.13918755166250635
8.696396635402964	0.019399845231139724	0.13928332718290343
8.666382194049765	0.019392062291439728	0.139255385143411
8.636471343497165	0.019394817967471258	0.13926527911676786
8.606663726215466	0.019401908030122702	0.139290732032403
8.57695898590894	0.01940322242454274	0.1392954501214693
8.547356767511573	0.01941950266213592	0.13935387566241536
8.517856717182802	0.019407490181427862	0.13931076836134335
8.48845848230331	0.01942508663860729	0.13937390946158928
8.459161711470788	0.01943445820969723	0.13940752565660589
8.429966054495742	0.01941979259350509	0.13935491592873606
8.400871162397324	0.019431867809253427	0.13939823459876896
8.371876687399132	0.019423771181853712	0.1393691902173996
8.34298228292508	0.019447087827941252	0.13945281577630927
8.314187603595231	0.01944703251145851	0.13945261744212087
8.285492305221684	0.01945271335284378	0.13947298431181496
8.256896044804463	0.019445195458783416	0.13944603063114924
8.2283984805274	0.019432885278628912	0.13940188405695567
8.199999271754068	0.01946788841968273	0.13952737516230543
8.171698079023695	0.019468071772209328	0.13952803220933538
8.14349456404711	0.019447245809026563	0.13945338220719697
8.115388389702716	0.019443968698371242	0.13944163186929232
8.087379220032423	0.019445908626308912	0.13944858775300994
8.059466720237676	0.019451811018440752	0.13946974947436003
8.031650556675423	0.019458610741088924	0.13949412439629463
8.00393039685413	0.019457749009662215	0.13949103558889445
7.976305909429829	0.019477602135866554	0.13956218017739103
7.948776764202121	0.01946927409564016	0.13953234068000206
7.921342632110269	0.019480739698347148	0.13957342045800536
7.8940031852292325	0.01950848201296979	0.13967276761405492
7.866758096765756	0.01951144423295786	0.13968337135449538
7.839607041054484	0.019504334142899503	0.1396579182964557
7.812549693554032	0.019525017090573946	0.13973194727968957
7.7855857308431435	0.019517200044385473	0.13970397290122236
7.758714830616794	0.019523059944298475	0.13972494388726187
7.731936671682356	0.019528782729609544	0.13974542114004862
7.705250933955759	0.019494791745869995	0.13962375065106222
7.678657298457648	0.019477517470648947	0.1395618768527027
7.6521554473096005	0.01945376253529525	0.13947674550008415
7.6257450637302915	0.019437955436199143	0.13942006826923856
7.599425832031728	0.019462652731239524	0.13950861167411682
7.57319743761548	0.019453678512099677	0.1394764442911407
7.547059566968902	0.01946120285827828	0.13950341522084067
7.5210119076614035	0.01946101654921834	0.13950274746118208
7.4950541483406985	0.019482727530881486	0.1395805413762301
7.46918597872909	0.019500644347599006	0.1396447075531293
7.443407089619775	0.019483975829667946	0.1395850129120886
7.417717172873122	0.019482178235970392	0.13957857369944138
7.392115921413015	0.019491744438553837	0.139612837656692
7.366603029223159	0.01949572434314735	0.1396270902910583
7.341178191343431	0.019503447271312906	0.1396547431035298
7.315841103866255	0.019472531127820394	0.13954401143660874
7.290591463932928	0.01948477466793482	0.1395878743585374
7.265428969730043	0.019478965437055688	0.1395670642990519
7.2403533204858475	0.019475172991987002	0.13955347717626745
7.215364216466663	0.01946726265478068	0.13952513269938388
7.190461358973314	0.01945120183101177	0.1394675655161865
7.165644450337529	0.01946173788887397	0.13950533283309988
7.140913193918412	0.01944896530656483	0.1394595472047892
7.116267294098873	0.019445638335330254	0.13944761860759852
7.091706456282105	0.019429737347477986	0.13939059275101023
7.067230386888073	0.01942409760392066	0.13937036128216307
7.042838793349978	0.01941312540034145	0.13933099224631054
7.018531384110795	0.019425277901803477	0.1393745956112644
6.9943078686197495	0.0193889978612369	0.13924438179415677
6.970167957328873	0.019384143906929826	0.1392269510796305
6.946111361689539	0.01939013526644391	0.13924846593928392
6.92213779414899	0.01938687450926273	0.13923675703370403
6.8982469681469425	0.01937083595798638	0.1391791505865242
6.874438598112114	0.01940906064436267	0.13931640479269722
6.8507123994588435	0.01938204145589413	0.13921940042930128
6.827068088583684	0.019411909695233584	0.13932662952656819
6.803505382861994	0.01940047638376049	0.13928559287938033
6.780024000644588	0.019382622521345746	0.1392214872831983
6.756623661254346	0.019373587603451807	0.13918903550011333
6.733304084982861	0.019344443900486397	0.1390843050113362
6.71006499308712	0.019371150236102388	0.13918027962359605
6.686906107786135	0.019382148636633626	0.13921978536340884
6.6638271522576575	0.019380625376959743	0.13921431455478903
6.640827850634843	0.019390516104441355	0.1392498334090255
6.617907928002964	0.019379450842265007	0.13921009605005308
6.595067110396134	0.019395740494062733	0.1392685911972356
6.572305124794011	0.019372259753434554	0.13918426546644758
6.549621699118555	0.019359114304903686	0.13913703426803262
6.527016562230763	0.01937506534427386	0.1391943437941135
6.504489443927432	0.019369046248343125	0.1391727209202404
6.482040074937929	0.01940191281413042	0.13929074920514434
6.459668186920968	0.019363910446354174	0.13915426851647122
6.437373512461418	0.019363937147789903	0.1391543644582875
6.415155785067081	0.019371246158804784	0.13918062422192531
6.393014739165536	0.019350917631820917	0.13910757575279975
6.370950110100937	0.019332432516471536	0.13904111807832795
6.3489616341308635	0.019335014265472787	0.13905040188892942
6.327049048423177	0.01932816380820631	0.13902576670605457
6.305212091052854	0.01933349847330736	0.13904495126867195
6.283450500998885	0.0193239672663966	0.13901067321035676
6.261764018141126	0.019339347535451697	0.13906598266812664
6.2401523832572074	0.01932717117275965	0.13902219669088692
6.218615338019437	0.019328217099588693	0.1390259583660141
6.197152624991693	0.01932181802392508	0.1390029425009596
6.175763987626375	0.01934161637533057	0.13907413985112607
6.1544491702613096	0.019344244067469256	0.13908358662138842
6.1332079181167085	0.01931638076699362	0.13898338306068686
6.112039977292131	0.01934901641290282	0.13910074195669417
6.090945094763427	0.019321056562742564	0.13900020346295383
6.069923018379737	0.01933636032940729	0.13905524200621597
6.048973496860458	0.01933804145224153	0.1390612866769236
6.028096279792246	0.01933922273898667	0.13906553397224874
6.007291117626036	0.019315095154938105	0.13897875792702316
5.986557761674037	0.019341233207305537	0.13907276227682233
5.965895964106779	0.019340027441089928	0.1390684271899626
5.945305477950136	0.01934316130532647	0.1390796940797846
5.924786057082378	0.019307541810430432	0.13895158081299555
5.904337456231241	0.019330272987292466	0.13903335206810077
5.8839594309709735	0.019343972619799168	0.13908261077431344
5.863651737719437	0.019344803473375603	0.13908559764898595
5.843414133735177	0.019360378308134658	0.1391415764900436
5.823246377114526	0.019369630254881434	0.1391748190402324
5.803148226788727	0.019334334748649262	0.13904795844833273
5.783119442521023	0.01935015969041733	0.13910485142660312
5.7631597849038165	0.01933985154101947	0.1390677947657885
5.743269015355784	0.019312281982354743	0.13896863668596143
5.723446896119032	0.019341766174888492	0.13907467841015664
5.703693190256268	0.019332361362977772	0.13904086220596365
5.68400766164794	0.019345392042814942	0.13908771348618448
5.664390074989448	0.019343535755654905	0.13908104024508483
5.6448401957883005	0.019343901959978475	0.1390823567530349
5.625357790361329	0.01935317821755033	0.13911570083046101
5.605942625831898	0.019350886425955265	0.13910746358824627
5.586594470127103	0.01935659328851303	0.13912797450014514
5.56731309197502	0.019359318070039187	0.1391377665123283
5.548098260901918	0.019373853722362135	0.13918999145902028
5.528949747229518	0.01937444345363434	0.13919210988283187
5.509867322072252	0.019388657358470816	0.13924315910834117
5.490850757334507	0.019362457781706047	0.13914904879914217
5.471899825707925	0.019380432305720337	0.13921362112135557
5.453014300668662	0.019383154717405003	0.13922339859881672
5.434193956474691	0.01937565176413723	0.139196450256956
5.415438568163111	0.019397349961998052	0.13927436936492676
5.3967479115474415	0.019390800297101433	0.13925085384693853
5.378121763214959	0.019362825582695982	0.139150370400858
5.359559900524013	0.01937058616447893	0.13917825320242716
5.341062101601369	0.01937271259663257	0.13918589223277109
5.32262814533957	0.019347415541933907	0.13909498747954185
5.3042578113942636	0.019346822559170435	0.13909285588832532
5.2859508801816055	0.019368030977066023	0.13916907334988626
5.267707132875601	0.019345792450156277	0.13908915288460233
5.249526351405507	0.019343983495895258	0.1390826498737181
5.231408318453228	0.01935311072517283	0.13911545825382898
5.213352817450706	0.019365095744725218	0.139158527387743
5.195359632577344	0.01934519072202188	0.13908698976547693
5.177428548757416	0.019351741708373556	0.13911053773303286
5.159559351657501	0.019338482131047385	0.13906287114484364
5.141751827683927	0.01936284131384652	0.13915042692656937
5.124005763980201	0.019338793872056132	0.13906399200388334
5.106320948424489	0.01936872344739763	0.13917156120198418
5.088697169627057	0.019355748278575044	0.13912493765883616
5.071134216927754	0.01934665568367568	0.1390922560161984
5.053631880393502	0.01936178066768745	0.1391466157248801
5.0361899508157695	0.01937189811258122	0.1391829663162171
5.018808219708089	0.01937637526990972	0.13919904909843933
5.00148647930355	0.01938902259567666	0.13924447061078102
4.984224522552319	0.01939377349509532	0.13926152912809525
4.967022143119177	0.019399792436734977	0.1392831376611504
4.949879135381032	0.01942267625526794	0.1393652620105453
4.932795294424483	0.019426983957770334	0.139380715874795
4.915770416043351	0.019439655709996593	0.13942616580110276
4.898804296736249	0.019469190685831868	0.13953204178908823
4.881896733704155	0.019483617975528406	0.13958373105605254
4.865047524847968	0.01948191122296368	0.13957761719904693
4.848256468766119	0.019501548078721953	0.1396479433386756
4.831523364752137	0.01950857471568777	0.13967309947046988
4.81484801279227	0.019526974922513318	0.13973895277449777
4.798230213563084	0.019531927109225168	0.13975667107235049
4.7816697684290785	0.019550517044909663	0.139823163477693
4.765166479440327	0.019549951253266355	0.13982114022302333
4.74872014933009	0.019566532437815674	0.1398804219246413
4.732330581512477	0.01957404813793591	0.1399072840774772
4.71599758008008	0.019588347158151446	0.13995837652013346
4.6997209498016375	0.019599369681401413	0.13999774884404897
4.683500496119712	0.019610857671621646	0.14003877202982626
4.667336025148345	0.019623408065423467	0.14008357528783832
4.651227343670758	0.019630020240957544	0.1401071741238026
4.635174259137027	0.019640117404994904	0.14014320320655904
4.619176579661787	0.019644120435237673	0.1401574844067832
4.60323411402195	0.019647176032524253	0.14016838456843345
4.587346671654395	0.019650655388365232	0.14018079536215092
4.571514062653718	0.019654759289522872	0.1401954324845245
4.555736097769937	0.019652919842560942	0.14018887203541136
4.540012588406241	0.019654048843505096	0.14019289869142837
4.524343346616745	0.01965533978874218	0.14019750279067805
4.508728185104224	0.01965658632942371	0.1402019483795561
4.493166917217891	0.01965587263030408	0.14019940310252424
4.477659356951155	0.019655922467677556	0.14019958083987824
4.4622053189394	0.01965511675168968	0.14019670734967238
4.446804618457779	0.019656428703807086	0.14020138624067555
4.431457071418988	0.0196569558927881	0.14020326634136632
4.4161624943710835	0.019656752330341337	0.14020254038476385
4.400920704495277	0.01965638238677168	0.1402012210602022
4.3857315196037545	0.01965539828990341	0.1401977114289082
4.3705947581375035	0.019656137135702176	0.14020034641791074
4.35551023916413	0.019656611646512855	0.14020203866746322
4.340477782375713	0.019657209271630248	0.14020416995093352
4.325497208086633	0.01965508801157949	0.14019660485040103
4.31056833723143	0.01965710842203554	0.14020381029785012
4.295690991362675	0.019654653783826113	0.14019505620322747
4.280864992648813	0.0196480379757691	0.1401714592053928
4.266090163872061	0.019638847957618458	0.14013867402547542
4.251366328426273	0.019636231509828954	0.14012933850492892
4.236693310314835	0.019601878816481226	0.14000670989806605
4.222070934148568	0.019561356490660622	0.13986191937286083
4.207499025143618	0.0195189871172899	0.1397103686821057
4.19297740911938	0.019483170578412763	0.1395821284348851
4.178505912496405	0.019426561761402075	0.1393792013228734
4.16408436229433	0.019315316954541337	0.1389795558869769
4.149712586129817	0.01931338255678073	0.13897259642383
4.135390412214476	0.019325250502252908	0.13901528873563837
4.121117669352832	0.019311328187349923	0.1389652049519948
4.106894186940259	0.01929773086631861	0.138916272863616
4.092719794960955	0.019279546633163582	0.13885080710303266
4.078594323985904	0.019287618275053722	0.1388798699418088
4.064517605170847	0.019288120284056295	0.13888167727982081
4.050489470254279	0.019283566692294585	0.1388652825305684
4.036509751555415	0.019256629556781927	0.1387682584627404
4.022578281972201	0.01924912984512927	0.13874123339919273
4.00869489497932	0.019243977531793084	0.13872266408843612
3.9948594246261844	0.019242472423542826	0.1387172391000586
3.9810717055349722	0.01924339008219096	0.13872054671962247
3.967331572898633	0.01924137421612871	0.13871328060473773
3.95363886247893	0.01924442966431719	0.13872429370631947
3.9399934106044725	0.01924111335189484	0.1387123403014124
3.9263950541687564	0.019249383547900196	0.13874214769816776
3.9128436306282213	0.019251093422885043	0.13874830962172133
3.8993389780003023	0.019259334749012494	0.13877800527825904
3.885880934861496	0.019266851620596544	0.13880508499545882
3.87246934034543	0.019261388859429365	0.1387854057868815
3.8591040341409415	0.019265650691705306	0.13880075897380859
3.8457848564901576	0.01927681814752064	0.1388409815130988
3.832511648186592	0.019278219245727805	0.13884602711539068
3.8192842505732343	0.01928795362479172	0.13888107727401786
3.8061025055406597	0.01929038131201712	0.13888981716460397
3.7929662555251378	0.019297043434795456	0.13891379857593505
3.7798753435067445	0.019302348302762066	0.13893289136400375
3.766829613007491	0.01931054078088196	0.13896237181655313
3.753828908089452	0.019313941457896205	0.13897460724138136
3.7408730733529003	0.01932092933556799	0.13899974581116323
3.72796195393445	0.019328035898868078	0.13902530668503515
3.7150953955052035	0.019334230368771115	0.13904758311013937
3.7022732442689112	0.01934949597538586	0.13910246574157434
3.6894953469601286	0.019351512117553354	0.1391097125205618
3.676761550842388	0.01936042159235285	0.13914173203015998
3.6640717037063704	0.01936949557485635	0.13917433518740568
3.6514256538680847	0.019380979024424285	0.13921558470381212
3.6388232501670603	0.019388761584952344	0.1392435333685279
3.6262643419645335	0.019393351799105465	0.13926001507649446
3.613748779141652	0.019396885663519582	0.13927270250669935
3.6012764120976777	0.01941132141827823	0.13932451836729323
3.5888470917481987	0.019421847314420076	0.13936228799219708
3.5764606695233487	0.01942965054116559	0.13939028137271833
3.5641169973660296	0.019431123926335222	0.1393955663797641
3.5518159277301438	0.019440748160970037	0.13943008341448426
3.539557313578829	0.01944362767387986	0.13944040904228536
3.5273410083826975	0.019443452951336707	0.13943978252757247
3.5151668661180926	0.019442888619268982	0.13943775894379895
3.503034741265336	0.019442517551423268	0.139436428351501
3.490944488806991	0.0194526657877969	0.13947281379464924
3.478895964226132	0.019453964912793473	0.13947747098651264
3.466889023504608	0.01944577951072163	0.13944812480173993
3.4549235231213338	0.019454438398437465	0.13947916833146612
3.4429993200505637	0.019462010100323602	0.13950630846067
3.431116271760188	0.019464987795301498	0.13951698031172227
3.4192742362100277	0.01945885583713264	0.139495002910974
3.4074730718501334	0.0194448013457866	0.13944461748589151
3.395712637619099	0.019440494833280406	0.13942917497166943
3.3839927929423728	0.0194484682285922	0.13945776503512525
3.372313397730576	0.019468221857209755	0.1395285700392925
3.3606743123778307	0.019498040555657344	0.1396353843252395
3.3490753977600893	0.019538865317316526	0.13978149132598539
3.3375165152334705	0.019562993990875226	0.13986777323913907
3.325997526632606	0.019561236261636212	0.13986148955890687
3.314518294268986	0.019507588512438518	0.13966956902789712
3.3030786809293144	0.019442089120965116	0.1394348920498923
3.2916785498738674	0.019430082381957776	0.13939183039890743
3.2803177648348596	0.019439799656603023	0.13942668201102335
3.2689961900148163	0.01944786422548612	0.1394555994769881
3.25771369008495	0.019454374054105345	0.13947893767198452
3.2464701301835412	0.01945268739593495	0.13947289125824758
3.2352653759143295	0.019483285502690687	0.1395825401068869
3.224099293344901	0.01946525340077935	0.1395179321835704
3.2129717490050953	0.019480137038676466	0.13957126150707555
3.2018826098854047	0.019486233099731118	0.1395930983241332
3.1908317434353863	0.019477939756143314	0.13956338974151966
3.179819017562078	0.019489099680149898	0.13960336557601288
3.1688443006284164	0.01948341016562311	0.13958298666249805
3.157907461451667	0.019484251277010964	0.13958599957377876
3.1470083693018562	0.01947232961941399	0.13954328941018262
3.136146893900205	0.01947345156141121	0.13954730940226404
3.125322905417576	0.019464128103381793	0.13951389931967995
3.1145362744729184	0.019459026434319907	0.13949561439099048
3.103786872131722	0.019431417825912307	0.1393966205684783
3.0930745699044784	0.019440133668593464	0.13942787981101004
3.082399239745143	0.019419855848645702	0.1393551428855272
3.0717607540496044	0.01942600826103339	0.13937721571703673
3.061158985654159	0.01942141911951012	0.13936075171837342
3.0505938078339927	0.019419604252011988	0.1393542401651704
3.0400650943016645	0.01942452171692821	0.13937188280613924
3.029572719205598	0.019424134790311905	0.1393704946906335
3.019116557128577	0.01944095509583012	0.13943082548644012
3.008696483086243	0.01945636137710074	0.13948606158717344
2.9983123725256076	0.019460661259897778	0.139501474042025
2.9879641013235587	0.019487870646265455	0.139598963628909
2.977651545785379	0.01950577294761812	0.139663069376332
2.967374582643267	0.019522709052875616	0.1397236882310069
2.957133089054861	0.019533235669732276	0.13976135256118652
2.946926942601776	0.019555594800040082	0.13984132007400418
2.9367560212881374	0.019571607508549523	0.13989856149564056
2.9266202035391213	0.019577532253511373	0.1399197350394553
2.916519368199505	0.019591555176663614	0.13996983666727492
2.9064533945322135	0.019601991469498942	0.14000711221041215
2.896422162216883	0.01959889867413267	0.1399960666380762
2.886425551348417	0.01959619154958733	0.1399863977305914
2.876463442435557	0.019609842504605214	0.14003514739023634
2.8665357163994507	0.019617931038569535	0.14006402478355937
2.8566422545722325	0.019612076826755007	0.14004312488214124
2.8467829386955996	0.019616650022985464	0.14005945174455547
2.8369576509194054	0.019612465408319332	0.1400445122392139
2.8271662738002457	0.019612248271335793	0.14004373699432543
2.817408690300056	0.019612602941120428	0.1400450032708073
2.807684783784714	0.019605670126055613	0.14002024898583637
2.7979944380226427	0.019601612924009696	0.140005760324387
2.788337537183424	0.01960627633730693	0.14002241369618984
2.7787139658364124	0.019619959311819677	0.14007126511822357
2.7691236089493567	0.019623438971737964	0.14008368560163587
2.7595663518870235	0.019631964881575377	0.1401141137843557
2.7500420804098256	0.01962424752585325	0.1400865715400775
2.7405506806724604	0.01962586991833757	0.14009236209850118
2.7310920392225473	0.019627323814571714	0.14009755106557614
2.7216660429992703	0.019627981971046673	0.14009989996801095
2.712272579332028	0.019635052147655492	0.14012513032163607
2.702911535939086	0.019627087981426976	0.14009670938828997
2.693582800926235	0.01964087356151695	0.14014590098007487
2.6842862627854545	0.019625400738683234	0.1400906875516115
2.6750218103935777	0.019610897623456545	0.14003891467537352
2.6657893330109665	0.019589886536203076	0.13996387582588257
2.6565887202801823	0.019571034128911327	0.13989651221138905
2.6474198622246736	0.019454536359826483	0.13947951949955406
2.6382826492474565	0.019381894595161733	0.13921887298481386
2.6291769721298066	0.01937028996974605	0.13917718911425841
2.6201027220299546	0.019380652605657536	0.13921441234892865
2.6110597904817805	0.01938142972742343	0.1392172034176216
2.6020480693935237	0.019377654259488307	0.13920364312577566
2.593067451046487	0.019377376787015413	0.13920264647992656
2.5841178280937482	0.0193633066434809	0.13915209895463632
2.575199093558882	0.019384703823381352	0.13922896186994052
2.5663111408346735	0.019359797899413094	0.13913949079759166
2.5574538636818507	0.019354649626207605	0.13912098916485466
2.548627156227812	0.019337149168314218	0.13905807840004916
2.5398309129653613	0.019341600350783823	0.1390740822395885
2.5310650287514456	0.01934106817785601	0.13907216895502855
2.5223293988058977	0.019325304925154378	0.1390154844798031
2.513623918710187	0.019350188497573237	0.13910495497132097
2.504948484406169	0.01933498133990296	0.1390502834945077
2.496302992194842	0.01933015864222927	0.13903294085298373
2.4876873387351064	0.019332390831826054	0.1390409681778218
2.4791014210425324	0.019336545206699033	0.13905590676666357
2.470545136488124	0.019314510265421456	0.13897665367039694
2.4620183827970976	0.019327348844139072	0.13902283569305826
2.4535210580476576	0.01931972302620448	0.13899540649318048
2.445053060669777	0.019324633493690378	0.13901306950675674
2.4366142894439835	0.019322083503407857	0.13900389743963246
2.4282046435001505	0.019323812302019405	0.1390101158262211
2.419824022316292	0.019330478679082674	0.13903409178716805
2.4114723257173587	0.01933310278455189	0.1390435283806905
2.403149453874043	0.019328270967612034	0.13902615209956734
2.394855307301585	0.019342346120424736	0.1390767634093659
2.386589786858581	0.019360681378587357	0.1391426655580069
2.378352793745802	0.019358613453800463	0.13913523440811268
2.370144229505012	0.019346863407964047	0.13909300272826108
2.3619639960177894	0.01934293703379808	0.13907888780759672
2.353811995504355	0.01934593151783413	0.1390896528065051
2.3456881305224027	0.019361549561573647	0.13914578528138624
2.3375923039659368	0.019359376011010454	0.13913797472656578
2.3295244190641102	0.019354515968746436	0.13912050879991217
2.321484379380064	0.019338285232057963	0.1390621631935084
2.3134720888097835	0.019318700714397716	0.13899172894240044
2.3054874515809387	0.019323680374325292	0.13900964129989435
2.2975303722517477	0.01934396932318149	0.13908259892301944
2.2896007557098335	0.019334585108164395	0.13904885870860068
2.2816985071710856	0.019334849235215976	0.13904980846882162
2.273823532178528	0.0193266991311768	0.13902049896032168
2.2659757366011903	0.01932652234164869	0.13901986311908343
2.2581550266329824	0.019324688972195993	0.13901326905082118
2.2503613087915744	0.01932227522596287	0.1390045870680636
2.2425944899172765	0.01931349249281311	0.13897299195459925
2.2348544771719285	0.019302879195982732	0.13893480196114555
2.2271411780377868	0.019308323446049023	0.1389543934031919
2.219454500316422	0.019313082772209958	0.13897151784524037
2.211794352127614	0.01932409623201072	0.13901113707905105
2.204160641908256	0.0193261674984167	0.1390185868810955
2.1965532784112587	0.019315102155229188	0.1389787831117728
2.1889721707044583	0.019311466351953143	0.13896570207052222
2.1814172281695328	0.019329231397080093	0.13902960618904195
2.1738883605009165	0.01933732498178004	0.1390587105570163
2.1663854777047216	0.019336071648758398	0.13905420399527085
2.1589084900976614	0.019343452727847186	0.13908074175761065
2.1514573083059805	0.01935553440355875	0.13912416901300345
2.1440318432643823	0.019369899876645256	0.13917578768106634
2.1366320062149695	0.01937268452360397	0.13918579138548579
2.1292577087061795	0.019384236618916563	0.1392272840319618
2.1219088625917286	0.0193900476557583	0.13924815135490418
2.114585380029559	0.019391882208293073	0.13925473854879436
2.107287173480786	0.019388849035320933	0.1392438473876707
2.100014155708655	0.019406030463609517	0.13930552919252528
2.092766239777498	0.019414877468073237	0.13933727953449226
2.0855433390516915	0.019416261186185748	0.13934224480101412
2.0783453671946255	0.019426340736119894	0.13937840842870855
2.0711722381676676	0.019444988684262816	0.13944528921502805
2.064023866229136	0.019458265145177532	0.13949288564359666
2.056900165933276	0.019459828305055174	0.13949848854039665
2.049801052129238	0.01947723651440251	0.13956087028391057
2.0427264399600564	0.01946493243848452	0.13951678192419906
2.0356762448616395	0.019485654428072118	0.1395910256000439
2.0286503825617577	0.01948792815525735	0.13959916960805085
2.021648769079035	0.019445869331626946	0.1394484468598591
2.014671320721946	0.019472297648617926	0.13954317485501727
2.0077179540878163	0.019445044921523137	0.1394454908612076
2.0007885860618217	0.019429241335836005	0.13938881352474453
1.9938831338160001	0.01939257153976279	0.13925721360045515
1.9870015148082585	0.019374101063155316	0.13919087995682516
1.9801436467813869	0.01940150855518689	0.13928929806408993
1.9733094477620743	0.019410954774037655	0.13932320256883868
1.9664988360599303	0.019448426687305825	0.13945761609645357
1.9597117302665066	0.019412582465266635	0.13932904386834297
1.9529480492543272	0.01942641101063513	0.1393786605281997
1.9462077121759151	0.01940971199343485	0.13931874243415654
1.9394906384628288	0.019404172130945287	0.13929885904394654
1.9327967478246957	0.01938380381027311	0.13922572969919428
1.9261259602482563	0.01933995010487549	0.13906814913874235
1.919478195996406	0.019267228194214916	0.13880644147234275
1.9128533756072421	0.019238947078395522	0.13870453157123427
1.906251419893114	0.019218938268116183	0.13863238535102895
1.899672249939675	0.01924109251834894	0.1387122652051683
1.8931157871049427	0.019237267919794913	0.13869847843359678
1.8865819530183565	0.019251671444686848	0.1387503925929107
1.8800706695798397	0.019249581507840327	0.13874286110586131
1.8735818589588702	0.01925126647142205	0.13874893322624882
1.867115443593545	0.019249702907737507	0.1387432986047885
1.8606713461896562	0.01926068085505615	0.1387828550472145
1.8542494897197672	0.01925685223987837	0.13876906081644558
1.8478497974222907	0.01922932856289514	0.13866985455712838
1.8414721928005717	0.01924936151922294	0.13874206831103153
1.8351165996219734	0.019250700318060317	0.13874689300326806
1.8287829419169648	0.019214658909559236	0.13861695029670518
1.8224711439782144	0.01923943639083894	0.13870629542612312
1.8161811303596835	0.019218106092433976	0.1386293839430659
1.8099128258757267	0.01924895977499502	0.13874062049376534
1.803666155600191	0.01925562879863754	0.13876465255473938
1.7974410448655194	0.01925358347188185	0.13875728259043504
1.791237419261862	0.01923671311737739	0.1386964783885207
1.7850552046361836	0.019220128668289014	0.1386366786542761
1.7788943270913788	0.01923262979193597	0.13868175724274615
1.7727547129853876	0.01923450983864847	0.1386885353540388
1.7666362889303147	0.019228767165211245	0.13866783031839522
1.760538981791555	0.01921224140646088	0.13860822993769484
1.7544627186869168	0.019198585438986653	0.13855896015410427
1.7484074269857515	0.019194759601256082	0.1385451536548864
1.7423730343080854	0.019202167664727855	0.13857188627108982
1.7363594685237542	0.019199760281706037	0.1385631995939255
1.730366657751542	0.019208282737677197	0.1385939491380385
1.7243945303583204	0.0192008705644884	0.13856720594891275
1.7184430149581933	0.01919370137954738	0.13854133455235437
1.7125120404116443	0.019204496538461714	0.13858028914121126
1.7066015358246835	0.01920226717094483	0.1385722453124897
1.700711430548004	0.019218688386429834	0.1386314841095984
1.6948416541761342	0.019216505462590197	0.13862361076883764
1.6889921365465985	0.01921476715056131	0.13861734072821233
1.6831628077390774	0.01921656342006136	0.13862381981485492
1.6773535980745709	0.019228777840215098	0.13866786880966728
1.6715644381145671	0.019241811710357454	0.13871485756889004
1.6657952586602134	0.019234622140333175	0.13868894022355632
1.6600459907514855	0.01922597780959843	0.13865777226538162
1.6543165656663672	0.019233564050094944	0.1386851255545992
1.648606914920025	0.019238662535883577	0.1387035058528932
1.6429169702639936	0.01925331887759267	0.13875632914426883
1.6372466636853567	0.019253316810429275	0.13875632169537097
1.631595927405936	0.019257576985622266	0.13877167212951735
1.6259646938814816	0.019262173586158123	0.13878823288073858
1.6203528958008604	0.019256374426342624	0.1387673391916939
1.6147604660852573	0.019246804123106094	0.13873285163617916
1.60918733788737	0.019231248934022897	0.1386767786401995
1.6036334445906104	0.019238977011505873	0.13870463947361628
1.5980987198083085	0.01921710083581729	0.13862575819744788
1.59258309738292	0.01922894379314882	0.13866846719117082
1.5870865113852326	0.01921037851382196	0.13860150978189942
1.5816088961135812	0.01923063804730307	0.1386745760667869
1.5761501860930605	0.019218928541452948	0.13863235027024878
1.5707103160747438	0.0192002373365002	0.13856492101719037
1.5652892210349014	0.019199344783174865	0.138561700275274
1.5598868361742244	0.019130149020587447	0.1383117819297671
1.5545030969170504	0.01912070879798587	0.1382776511153768
1.5491379389105908	0.019142327302981463	0.13835579967237174
1.5437912980241624	0.019153442835636716	0.13839596394272743
1.5384631103484205	0.019155325816112824	0.13840276664905518
1.5331533121945935	0.019180504145140276	0.13849369713145893
1.5278618400937247	0.01916983849823868	0.13845518588423722
1.5225886307959111	0.01918328222675952	0.1385037264002652
1.5173336212695487	0.01918052480206274	0.13849377170856003
1.5120967487005788	0.019187709728638626	0.13851970880939155
1.5068779504917353	0.019180625615256436	0.1384941356709967
1.5016771642617999	0.01921986546269549	0.13863572938710816
1.4964943278448541	0.01921591605626925	0.13862148482926176
1.4913293792895368	0.01921731920542304	0.1386265458179747
1.4861822568583039	0.01923901013363259	0.13870475887161401
1.4810528990266887	0.019240946179508	0.1387117377135331
1.4759412444825697	0.019258888263270643	0.1387763966359937
1.4708472321254351	0.019260971035627263	0.13878390049147366
1.4657708010656534	0.01925240364470955	0.13875303111899773
1.4607118906237457	0.019273696397649386	0.1388297388805777
1.4556704403296594	0.0192719594898038	0.13882348320728666
1.4506463899220468	0.01926128896714265	0.13878504590604368
1.4456396793475441	0.01927886789399316	0.13884836295035372
1.4406502487600534	0.019249607742228118	0.1387429556490279
1.4356780385200278	0.01924833153299451	0.13873835638710194
1.4307229891937576	0.01926818668645116	0.13880989405100475
1.4257850415526612	0.01922878781730639	0.13866790478443955
1.4208641365725763	0.019246026847079854	0.13873005026698382
1.4159602154330546	0.01923211884297215	0.13867991506693444
1.4110732195166589	0.01923054534253328	0.13867424181344307
1.406203090408261	0.019246603872449423	0.13873212992111605
1.4013497698943458	0.019243606332664216	0.13872132616387509
1.3965131999623144	0.019240687450254274	0.138710805095545
1.3916933227997899	0.01923079179980155	0.13867513043008667
1.386890080793927	0.019232707316868634	0.13868203674906363
1.3821034165307247	0.019237637876391142	0.1386998120993361
1.3773332727943366	0.01923326487984958	0.13868404695511874
1.3725795925663904	0.01924619442624257	0.13873065424138448
1.367842319025305	0.019251751295227083	0.13875068034149268
1.363121395545611	0.019247483294008157	0.13873529937981954
1.3584167656972748	0.019242633788210766	0.13871782073046984
1.3537283732450218	0.01922416599681207	0.13865123871358692
1.3490561621476678	0.019223129838320138	0.1386475020991007
1.3444000765574464	0.01922679394788728	0.13866071522925041
1.339760060819342	0.01919917650616517	0.138561093046227
1.3351360594704258	0.019193014012096492	0.13853885379956227
1.33052801723919	0.01914564591762945	0.13836779219756834
1.3259358790448905	0.01911174605760598	0.13824523882436596
1.3213595899968866	0.019092043674299057	0.13817396163640622
1.3167990953939852	0.019082381686456092	0.1381389940836985
1.312254340723787	0.019072695760187868	0.13810393100917825
1.3077252716620347	0.019056319501760736	0.13804462865957784
1.3032118340719636	0.019059469275386112	0.13805603672199965
1.298713974003656	0.019050145368420493	0.13802226403164272
1.2942316376933936	0.01904765761956277	0.1380132516085422
1.2897647715630176	0.0190388894430931	0.13798148224705045
1.2853133222192856	0.019036642954727786	0.13797334146395016
1.280877236453236	0.019030101005155915	0.13794963213128159
1.27645646123955	0.01901441583057835	0.13789276931941843
1.2720509437359193	0.0190289454305584	0.13794544367451358
1.2676606312824132	0.019032030217333	0.13795662440540143
1.2632854714008492	0.019035177262153143	0.13796802985530068
1.258925411794167	0.019035022323046966	0.13796746835050272
1.2545804003458025	0.019048881595359453	0.1380176858064192
1.2502503851190645	0.019044615374718014	0.13800222960053224
1.2459353143565142	0.01905792094364555	0.13805042898754624
1.2416351364793472	0.019062075113641167	0.13806547401012742
1.2373498000867758	0.019084305065628263	0.13814595566149687
1.2330792539554156	0.0190717859776107	0.13810063713687457
1.2288234470386727	0.01908453501954236	0.13814678794507804
1.2245823284661335	0.019085524681794544	0.13815036982141793
1.2203558475429568	0.019082073995867595	0.13813788037995803
1.216143953749268	0.019087085252410728	0.1381560177929674
1.2119465967395553	0.019085730240157354	0.13815111378543915
1.2077637263420669	0.01908822718722875	0.13816015050378583
1.2035952925582125	0.0190876304479509	0.13815799089430514
1.199441245561965	0.019074008262289402	0.13810868279108812
1.1953015356992656	0.019088519264617895	0.1381612075244636
1.191176113487429	0.019093039322967797	0.13817756447038643
1.1870649296145537	0.019102125473814076	0.13821043909131495
1.1829679349389306	0.01911136687256815	0.13824386739587458
1.1788850804884572	0.01913097687314182	0.1383147746017822
1.1748163174600514	0.01916572351268979	0.13844032473484663
1.1707615972190688	0.01913339359150006	0.13832351062455023
1.16672087129872	0.019125943402680326	0.13829657769692036
1.162694091399493	0.01914300892699517	0.13835826295164005
1.1586812093885748	0.019147712496712408	0.13837525969880746
1.1546821772992764	0.019141334386187755	0.1383522113527202
1.150696947330459	0.01913243722796009	0.13832005360019237
1.1467254718459636	0.019113229859772655	0.13825060527814212
1.1427677033740402	0.01912130608200989	0.13827981082576693
1.138823594606782	0.019099330715549128	0.13820032820347833
1.1348930983995587	0.01914379213251585	0.13836109327594895
1.1309761677704528	0.01911821914924653	0.1382686484682863
1.1270727558996998	0.019090659214642668	0.13816895170277102
1.1231828161291262	0.019100357201486198	0.13820404191443245
1.1193063019615932	0.01910693318435637	0.13822783071565714
1.1154431670604408	0.019096319550572737	0.13818943357063426
1.1115933652489336	0.0190975682908393	0.13819395171583776
1.107756850509709	0.01907450013884106	0.13811046353857864
1.1039335769842273	0.019052218879520612	0.1380297753367751
1.1001234989722228	0.01905762153138933	0.1380493445525524
1.0963265709311592	0.019039185851784605	0.13798255633153272
1.0925427474756826	0.019028881671713495	0.13794521257264963
1.088771983377082	0.018996990105452985	0.1378295690534255
1.0850142335627462	0.018976408560790175	0.13775488579643982
1.0812694531156268	0.018969373050700036	0.1377293470931306
1.0775375972737	0.01896650582363927	0.13771893778140779
1.073818621429432	0.018966011994258188	0.1377171448813044
1.0701124811292466	0.01896276725260621	0.1377053639209679
1.0664191320729925	0.018959828574332087	0.1376946933412181
1.0627385301134145	0.018961560568362644	0.1377009824524235
1.0590706312556257	0.018962884505402126	0.13770578965824976
1.0554153916565823	0.01895597849889004	0.13768071215275596
1.0517727676245574	0.018955913620105163	0.13768047653935964
1.0481427156186218	0.018959538441311433	0.13769363979977955
1.044525192248121	0.01895625641418082	0.13768172142365456
1.0409201542721576	0.01896005071489526	0.13769549998055586
1.0373275585990747	0.018962521841591348	0.13770447284526144
1.03374736228594	0.018965269075441063	0.1377144475915329
1.0301795225380335	0.01897022069180401	0.1377324242573404
1.0266239967083344	0.01898103086103202	0.1377716620391582
1.0230807422970136	0.018985138551007943	0.13778656883385965
1.0195497169509238	0.018992351125774576	0.13781273934500604
1.0160308784630938	0.01899040708323259	0.13780568596118445
1.0125241847722242	0.018995378718762786	0.13782372335255924
1.0090295939621845	0.01900744423777964	0.1378674879650008
1.005547064261512	0.019017356096097816	0.13790343032752236
1.0020765540429133	0.019013231350647593	0.13788847432127022
0.9986180218227645	0.019019488316246225	0.13791116095605252
0.9951714262606182	0.019029374629853307	0.1379469993506684
0.9917367261587071	0.019034055738448893	0.13796396536215133
0.9883138804614533	0.01902391600998936	0.1379272127246446
0.9849028482549762	0.019045507536693727	0.13800546198137859
0.9815035887666035	0.019042963492333562	0.13799624448633943
0.978116061364385	0.019038872706831765	0.13798142160027113
0.9747402255566062	0.019032690339066412	0.13795901688206688
0.9713760409913038	0.019050041314067394	0.13802188708341656
0.9680234674557844	0.01904471251964205	0.13800258156875925
0.9646824648761424	0.01905507420353449	0.13804011809446734
0.9613529933167831	0.01904836158911505	0.13801580195439597
0.9580350129799434	0.01905592474661743	0.13804319884230962
0.9547284842052168	0.019040735157633347	0.1379881703539595
0.9514333674690796	0.019048016772805234	0.13801455275732785
0.9481496233844181	0.019035742554841854	0.13797007847660975
0.9448772127000579	0.01903447652001616	0.13796549032282007
0.9416160963002947	0.019058212318511254	0.13805148430390474
0.938366235204427	0.019056299991199503	0.1380445579919741
0.9351275905662897	0.019070728032189954	0.13809680674146652
0.9319001236737902	0.019068298403055906	0.1380880096281205
0.9286837959484451	0.019078770109307294	0.13812592120709022
0.92547856894492	0.01900187412210331	0.13784728550865014
0.9222844043505689	0.018966905621119586	0.13772038927159475
0.919101263984977	0.01899690410147059	0.13782925705912585
0.9159291097995043	0.01900036340930237	0.13784180573868862
0.9127679038768297	0.01898456101279559	0.13778447304684077
0.9096176084304995	0.018976156361492694	0.1377539704019187
0.9064781858044745	0.01898796613106522	0.13779682917638278
0.9033495984726801	0.018993325960399085	0.13781627610844477
0.9002318090385584	0.01902590166599575	0.13793441073929213
0.89712478023462	0.018994510484549646	0.1378205735169813
0.8940284749219999	0.019004839945221893	0.13785804272954805
0.890942856090012	0.019018257629673095	0.13790669900216268
0.8878678868557085	0.018991032262741434	0.13780795427964757
0.8848035304634382	0.018963228883174785	0.13770704006395165
0.8817497502844059	0.018950498901904648	0.13766081106075415
0.878706509816237	0.01894311223215193	0.13763397920626988
0.8756737726825391	0.0189415770810775	0.13762840215986488
0.8726515026324686	0.018941465622453697	0.13762799723331623
0.8696396635402963	0.018942278188698463	0.13763094923998187
0.8666382194049768	0.018941022647853654	0.13762638790527656
0.8636471343497165	0.018938678467094405	0.13761787117629165
0.8606663726215465	0.018936956250882986	0.13761161379361478
0.857695898590894	0.018936528572696103	0.13761005985281782
0.8547356767511574	0.01894344397569643	0.13763518436684868
0.8517856717182803	0.018944035067973503	0.13763733166540792
0.8488458482303309	0.018950291671956165	0.1376600583755367
0.8459161711470787	0.01895741218439686	0.13768591861333118
0.8429966054495742	0.01895650993469207	0.13768264209656958
0.8400871162397323	0.018952203937181784	0.13766700380694635
0.8371876687399135	0.01896459326469933	0.13771199390285266
0.834298228292508	0.018956574983355685	0.13768287832318035
0.8314187603595231	0.018943450750155168	0.13763520897704615
0.8285492305221687	0.01894443425695158	0.13763878180567998
0.8256896044804464	0.018935899114141792	0.13760777272429706
0.8228398480527401	0.018949631757876135	0.13765766145724012
0.8199999271754067	0.018939379199117375	0.1376204170867004
0.8171698079023694	0.018949751985828173	0.13765809814837693
0.8143494564047111	0.01894809087538035	0.13765206455182702
0.8115388389702715	0.018960575657372986	0.13769740613887027
0.8087379220032425	0.018938205784175686	0.13761615379080933
0.8059466720237677	0.01892816428350813	0.13757966522530912
0.8031650556675423	0.018921115113451712	0.13755404433695037
0.8003930396854132	0.018922003082877836	0.1375572720101625
0.7976305909429827	0.018922368122640768	0.13755859886841232
0.7948776764202123	0.01891858433435363	0.13754484481198714
0.7921342632110269	0.018920893095480115	0.1375532373137038
0.789400318522923	0.018921348996905445	0.13755489448545785
0.7866758096765756	0.01892158483784157	0.13755575174394405
0.7839607041054482	0.018921906434268995	0.13755692070655332
0.7812549693554033	0.018918555616745783	0.13754474041833
0.7785585730843143	0.018919991838183357	0.13754996124384536
0.7758714830616794	0.018919185670641197	0.1375470307590869
0.7731936671682357	0.018919822165398816	0.13754934447462414
0.7705250933955758	0.018920391940342212	0.1375514156246391
0.7678657298457651	0.018922297753281817	0.137558343088603
0.7652155447309601	0.018925172583170006	0.13756879218474663
0.762574506373029	0.01892672953642843	0.13757445088543305
0.7599425832031729	0.018927857065849506	0.13757854871254277
0.757319743761548	0.018930694318918577	0.137588859719523
0.7547059566968904	0.018933904764922387	0.13760052603432293
0.7521011907661403	0.01894071642182273	0.137625275374194
0.7495054148340697	0.018946512567577675	0.13764633147155675
0.746918597872909	0.018940462261935846	0.1376243519946083
0.7443407089619775	0.01894389460227986	0.13763682138977149
0.7417717172873124	0.018947652686147894	0.13765047288748372
0.7392115921413014	0.01894733723352715	0.13764932703623056
0.7366603029223155	0.018956058665517837	0.1376810032848317
0.7341178191343433	0.01895376376607662	0.13767266891462743
0.7315841103866254	0.018958576788677944	0.13769014775457952
0.729059146393293	0.01895224960980622	0.13766716968764275
0.7265428969730043	0.018959521799692205	0.13769357936989002
0.7240353320485846	0.018957457613112183	0.13768608358549597
0.7215364216466665	0.01896322713254615	0.13770703370760023
0.7190461358973315	0.018958483569159277	0.13768980924222124
0.7165644450337532	0.018986481252216417	0.13779144114282432
0.7140913193918412	0.01894591241443777	0.1376441513993158
0.7116267294098871	0.018945565841853945	0.1376428924494612
0.7091706456282106	0.01894659649630407	0.1376466363421354
0.7067230386888071	0.018945709145067616	0.13764341301009508
0.704283879334998	0.018948321648657347	0.13765290279778827
0.7018531384110794	0.018944411925459165	0.1376387006821089
0.6994307868619748	0.018943723475114912	0.13763619972636165
0.6970167957328873	0.018944996129807105	0.13764082290442434
0.6946111361689536	0.018951078885996977	0.13766291761399282
0.6922137794148991	0.018955152845421708	0.13767771368461096
0.6898246968146942	0.018944616848063315	0.13763944510227916
0.6874438598112113	0.01894495003078261	0.1376406554430144
0.6850712399458844	0.018945824368238655	0.13764383156625165
0.6827068088583683	0.018946543863242262	0.13764644515294341
0.6803505382861995	0.018947567927378593	0.1376501650103573
0.6780024000644589	0.018948485102489834	0.1376534965138548
0.6756623661254344	0.018949325414730406	0.13765654875352065
0.6733304084982862	0.018950590708717876	0.13766114451332256
0.6710064993087119	0.01895142163773209	0.13766416250328947
0.6686906107786137	0.018952787207098254	0.13766912219919997
0.6663827152257658	0.018953339919422572	0.13767112957850886
0.6640827850634842	0.01895502338909803	0.13767724354118233
0.6617907928002964	0.018957159011858512	0.13768499922598146
0.6595067110396133	0.01895796661436215	0.13768793198520396
0.6572305124794011	0.018958465246177305	0.1376897427050298
0.6549621699118556	0.018960680475439282	0.13769778674851416
0.6527016562230764	0.018960191606212744	0.13769601158426029
0.6504489443927433	0.018960602459064654	0.13769750345981097
0.6482040074937928	0.018964575764232886	0.13771193036274268
0.6459668186920969	0.018965312055052246	0.13771460363756724
0.6437373512461417	0.01896246514755095	0.1377042669910811
0.6415155785067083	0.01896261759437196	0.1377048205197333
0.6393014739165536	0.01896364557806097	0.13770855303161444
0.6370950110100936	0.01896440075758112	0.13771129495281467
0.6348961634130865	0.01896508213835528	0.1377137688771725
0.6327049048423177	0.018966118895047675	0.13771753299797262
0.6305212091052856	0.018966894759175217	0.13772034983681683
0.6283450500998885	0.018967815353388526	0.1377236920554649
0.6261764018141126	0.0189690425077279	0.13772814711498846
0.6240152383257208	0.01896956996586141	0.1377300619540317
0.6218615338019436	0.018970468543259882	0.13773332401151103
0.6197152624991695	0.018971358475546103	0.13773655460895667
0.6175763987626375	0.018972357729486824	0.13774018197129995
0.6154449170261309	0.01897328512807716	0.13774354840818193
0.6133207918116709	0.018974381887357613	0.13774752951453473
0.6112039977292131	0.01897554048906279	0.13775173497659762
0.6090945094763428	0.018976584168716323	0.1377555231876977
0.6069923018379737	0.01897804558675795	0.1377608274755852
0.6048973496860457	0.018978581492262947	0.1377627725195125
0.6028096279792247	0.01897976871610205	0.13776708139501995
0.6007291117626036	0.018982934972985258	0.13777857225630283
0.5986557761674037	0.018983480468073403	0.13778055184993782
0.596589596410678	0.01898435956942488	0.13778374203593427
0.5945305477950135	0.01898568402923764	0.13778854825143358
0.5924786057082378	0.0189853866161907	0.1377874690100326
0.590433745623124	0.01898859231795532	0.13779910129589135
0.5883959430970974	0.018988867463128563	0.1378000996484711
0.5863651737719436	0.01898704867872862	0.137793500132367
0.5843414133735175	0.01898706131897125	0.1377935459989736
0.5823246377114527	0.018988121419796448	0.13779739264513116
0.5803148226788726	0.018989242255407553	0.13780145955470702
0.5783119442521024	0.018989821612074402	0.1378035616813818
0.5763159784903816	0.018990784531231732	0.13780705544794045
0.5743269015355783	0.01899158051947307	0.13780994347097408
0.5723446896119033	0.018992676177364186	0.1378139186634071
0.5703693190256267	0.018993385469636557	0.13781649200889043
0.5684007661647942	0.01899477349026898	0.13782152767354228
0.5664390074989447	0.018995205338003328	0.13782309435650952
0.56448401957883	0.018996079398264625	0.13782626526995725
0.5625357790361328	0.018997024308060436	0.13782969312909477
0.5605942625831898	0.018998008565074106	0.1378332636378973
0.5586594470127105	0.018998963593085925	0.1378367280266255
0.556731309197502	0.0189999225247605	0.1378402064883846
0.5548098260901917	0.019000885797300252	0.1378437006079721
0.5528949747229519	0.01900183141587301	0.13784713060442358
0.5509867322072252	0.019002809753308505	0.1378506791905956
0.5490850757334509	0.019003756751371927	0.13785411401685452
0.5471899825707925	0.01900482297262311	0.1378579811712877
0.545301430066866	0.01900571199623449	0.13786120555194087
0.5434193956474691	0.01900663229741676	0.1378645432931062
0.541543856816311	0.019007726020670537	0.13786850989501023
0.5396747911547443	0.019008490179020572	0.1378712811974291
0.5378121763214959	0.0190093944567134	0.1378745605857491
0.5359559900524011	0.01901029851183886	0.1378778390889517
0.534106210160137	0.0190112367270628	0.13788124138933042
0.5322628145339569	0.01901220918343081	0.13788476777160996
0.5304257811394265	0.019013177816689746	0.1378882802006383
0.5285950880181606	0.019014134869228025	0.13789175054813113
0.52677071328756	0.019015063996615775	0.13789511955328868
0.5249526351405508	0.019016012784471917	0.13789855976213788
0.5231408318453228	0.019016982561870812	0.1379020759882563
0.5213352817450707	0.019017936896191783	0.1379055361332234
0.5195359632577344	0.019018924027917068	0.13790911510091372
0.5177428548757416	0.019019944425348986	0.13791281457989676
0.5159559351657502	0.019020897873133435	0.13791627124140732
0.5141751827683926	0.019021892390968805	0.1379198767073434
0.5124005763980203	0.01902289499478098	0.13792351139229664
0.5106320948424489	0.019023899316852503	0.1379271522103335
0.5088697169627056	0.019024757574715504	0.13793026344756798
0.5071134216927754	0.01902581227618218	0.13793408670876892
0.5053631880393501	0.019026795944560384	0.13793765238164807
0.503618995081577	0.01902801496323456	0.13794207104155917
0.501880821970809	0.01902864575567144	0.13794435746224432
0.5001486479303549	0.01902946351185182	0.13794732151024833
0.49842245225523185	0.01903045370422354	0.13795091048711328
0.4967022143119176	0.019031378617153923	0.13795426277268102
0.49498791353810334	0.019032349154564636	0.13795778033356668
0.49327952944244824	0.019033319797360858	0.13796129818670472
0.49157704160433496	0.019034287030509543	0.13796480359319743
0.4898804296736249	0.019035251970411064	0.1379683005998518
0.4881896733704154	0.01903621292363627	0.13797178307043897
0.48650475248479697	0.019037177421040496	0.13797527829665898
0.484825646876612	0.01903815510167944	0.13797882120702235
0.4831523364752139	0.019039112049002736	0.13798228889608527
0.48148480127922705	0.019040088931424528	0.13798582873405707
0.4798230213563083	0.0190410612305549	0.1379893518738127
0.4781669768429079	0.019042037935166106	0.1379928908863283
0.47651664794403276	0.01904300873787393	0.1379964084238207
0.4748720149330092	0.019043964715133546	0.13799987215622175
0.4732330581512477	0.019044946022870154	0.13800342757652853
0.4715997580080079	0.019045914449811525	0.13800693623804394
0.4699720949801638	0.019046894087138683	0.13801048542461794
0.46835004961197124	0.019047863480413804	0.13801399740755937
0.46673360251483464	0.019048834490490663	0.13801751515836916
0.4651227343670758	0.019049796708000655	0.13802100096724648
0.46351742591370265	0.019050764130031875	0.13802450554170398
0.46191765796617884	0.019051739755416117	0.13802803974343805
0.46032341140219496	0.019052716793433653	0.1380315789717471
0.45873466716543965	0.019053696346540725	0.13803512721963465
0.4571514062653718	0.01905467638575741	0.1380386771370887
0.45557360977699357	0.019055662132597736	0.13804224763672074
0.45400125884062414	0.01905663091847199	0.13804575661161045
0.45243433466167454	0.01905760424278268	0.13804928193504912
0.4508728185104225	0.019058580856842318	0.13805281908328534
0.4493166917217891	0.019059577646695167	0.13805642921173633
0.44776593569511547	0.019060549160931608	0.13805994770726088
0.4462205318939402	0.019061539836953374	0.13806353550794423
0.4446804618457779	0.019062517619285194	0.1380670765218312
0.4431457071418989	0.019063522661425098	0.13807071616177377
0.44161624943710837	0.019064466762023245	0.13807413502181806
0.4400920704495277	0.01906543611001264	0.13807764522185567
0.4385731519603755	0.019066416763652026	0.13808119627107823
0.4370594758137503	0.01906739518008093	0.13808473912811992
0.4355510239164131	0.019068378664168398	0.13808830024360644
0.43404777823757124	0.019069363187298904	0.13809186502940318
0.4325497208086632	0.019070348472207746	0.13809543248133788
0.43105683372314313	0.01907132510926239	0.13809896853076922
0.42956909913626745	0.019072301708317897	0.13810250435208588
0.4280864992648814	0.019073288582306374	0.13810607728230634
0.4266090163872061	0.019074276111504893	0.1381096524921589
0.42513663284262715	0.01907526463231499	0.13811323119931337
0.42366933103148346	0.01907625209822929	0.13811680599488713
0.4222070934148568	0.019077241044129778	0.1381203860555341
0.4207499025143619	0.01907821963315352	0.13812392853214653
0.419297740911938	0.019079198772391674	0.1381274729095978
0.41785059124964047	0.01908018792164949	0.13813105342988408
0.4164084362294331	0.01908117821387105	0.13813463799449816
0.4149712586129816	0.019082167896387912	0.13813822025923134
0.4135390412214477	0.019083158192540414	0.13814180465210527
0.4121117669352832	0.01908414947071763	0.13814539250629254
0.41068941869402587	0.019085131732537116	0.1381489476345626
0.4092719794960955	0.019086114352889948	0.1381525039689471
0.4078594323985903	0.019087107140220584	0.138156097007047
0.40645176051708487	0.01908810102505553	0.13815969392357358
0.4050489470254279	0.019089094654156306	0.1381632898209807
0.4036509751555414	0.019090088005581353	0.13816688461994558
0.40225782819722017	0.019091084128879523	0.1381704893560109
0.40086948949793194	0.019092080098696094	0.13817409344264248
0.39948594246261854	0.01909306614108537	0.13817766151258087
0.3981071705534972	0.01909405194050333	0.13818122861120946
